================================================================================
Summary:
Algorithm: Siloed
Batch size: 64
alpha       : 0.05
eta      : 0.05
kappa       : 1.0
Number of global rounds       : 1
Number of local rounds       : 150
================================================================================
/proj/sourasb-220503/TCSS-DIPA2/Fed-DIPA2
total users : 525
data available [0.0029239766081871343, 0.0014619883040935672, 0.004093567251461989, 0.0043859649122807015, 0.0008771929824561404, 0.003216374269005848, 0.003801169590643275, 0.0043859649122807015, 0.002631578947368421, 0.004678362573099415, 0.0014619883040935672, 0.0008771929824561404, 0.004970760233918129, 0.0020467836257309943, 0.0011695906432748538, 0.003801169590643275, 0.0020467836257309943, 0.0008771929824561404, 0.005263157894736842, 0.0008771929824561404, 0.0014619883040935672, 0.0014619883040935672, 0.003801169590643275, 0.0014619883040935672, 0.0029239766081871343, 0.003801169590643275, 0.0035087719298245615, 0.006725146198830409, 0.003216374269005848, 0.005263157894736842, 0.0023391812865497076, 0.002631578947368421, 0.0020467836257309943, 0.0014619883040935672, 0.0014619883040935672, 0.0014619883040935672, 0.006432748538011696, 0.0011695906432748538, 0.004678362573099415, 0.0020467836257309943, 0.0014619883040935672, 0.0029239766081871343, 0.003216374269005848, 0.004678362573099415, 0.0017543859649122807, 0.0008771929824561404, 0.0011695906432748538, 0.0005847953216374269, 0.0011695906432748538, 0.0008771929824561404, 0.005847953216374269, 0.0008771929824561404, 0.003801169590643275, 0.0008771929824561404, 0.0029239766081871343, 0.0008771929824561404, 0.002631578947368421, 0.0023391812865497076, 0.0029239766081871343, 0.0020467836257309943, 0.004678362573099415, 0.003216374269005848, 0.0014619883040935672, 0.0014619883040935672, 0.0023391812865497076, 0.003216374269005848, 0.0020467836257309943, 0.0023391812865497076, 0.004093567251461989, 0.002631578947368421, 0.0008771929824561404, 0.0017543859649122807, 0.0008771929824561404, 0.0014619883040935672, 0.0008771929824561404, 0.003801169590643275, 0.002631578947368421, 0.0017543859649122807, 0.0008771929824561404, 0.0029239766081871343, 0.002631578947368421, 0.0023391812865497076, 0.0008771929824561404, 0.0035087719298245615, 0.003801169590643275, 0.0020467836257309943, 0.0043859649122807015, 0.0005847953216374269, 0.0008771929824561404, 0.0011695906432748538, 0.0020467836257309943, 0.0011695906432748538, 0.0011695906432748538, 0.0008771929824561404, 0.005263157894736842, 0.0008771929824561404, 0.0008771929824561404, 0.0029239766081871343, 0.003801169590643275, 0.0008771929824561404, 0.0020467836257309943, 0.0035087719298245615, 0.0014619883040935672, 0.003216374269005848, 0.0014619883040935672, 0.0014619883040935672, 0.0017543859649122807, 0.0008771929824561404, 0.0029239766081871343, 0.003801169590643275, 0.0035087719298245615, 0.005555555555555556, 0.0008771929824561404, 0.003801169590643275, 0.0017543859649122807, 0.0008771929824561404, 0.0005847953216374269, 0.0014619883040935672, 0.0008771929824561404, 0.0008771929824561404, 0.002631578947368421, 0.005847953216374269, 0.0014619883040935672, 0.004678362573099415, 0.0023391812865497076, 0.004093567251461989, 0.0014619883040935672, 0.0029239766081871343, 0.004678362573099415, 0.0023391812865497076, 0.0017543859649122807, 0.0023391812865497076, 0.005847953216374269, 0.0005847953216374269, 0.0020467836257309943, 0.003216374269005848, 0.0020467836257309943, 0.003801169590643275, 0.0008771929824561404, 0.0020467836257309943, 0.004678362573099415, 0.004970760233918129, 0.0014619883040935672, 0.0014619883040935672, 0.004678362573099415, 0.002631578947368421, 0.0008771929824561404, 0.007894736842105263, 0.0023391812865497076, 0.0023391812865497076, 0.0020467836257309943, 0.0029239766081871343, 0.0008771929824561404, 0.0008771929824561404, 0.005555555555555556, 0.0005847953216374269, 0.004678362573099415, 0.0008771929824561404, 0.0020467836257309943, 0.003216374269005848, 0.0005847953216374269, 0.0011695906432748538, 0.0035087719298245615, 0.003216374269005848, 0.0020467836257309943, 0.003216374269005848, 0.003801169590643275, 0.0005847953216374269, 0.0014619883040935672, 0.0017543859649122807, 0.0014619883040935672, 0.002631578947368421, 0.0014619883040935672, 0.0008771929824561404, 0.002631578947368421, 0.009064327485380117, 0.0008771929824561404, 0.004678362573099415, 0.005263157894736842, 0.0029239766081871343, 0.007017543859649123, 0.003216374269005848, 0.002631578947368421, 0.005847953216374269, 0.0011695906432748538, 0.005555555555555556, 0.0023391812865497076, 0.0017543859649122807, 0.0005847953216374269, 0.003216374269005848, 0.0017543859649122807, 0.0035087719298245615, 0.0008771929824561404, 0.0023391812865497076, 0.0029239766081871343, 0.007309941520467836, 0.0005847953216374269, 0.004678362573099415, 0.0005847953216374269, 0.0014619883040935672, 0.002631578947368421, 0.0029239766081871343, 0.005263157894736842, 0.005263157894736842, 0.0014619883040935672, 0.0020467836257309943, 0.0014619883040935672, 0.0011695906432748538, 0.0043859649122807015, 0.0017543859649122807, 0.003216374269005848, 0.0005847953216374269, 0.0008771929824561404, 0.0005847953216374269, 0.004093567251461989, 0.0008771929824561404, 0.0017543859649122807, 0.0008771929824561404, 0.0008771929824561404, 0.0014619883040935672, 0.003216374269005848, 0.0014619883040935672, 0.0035087719298245615, 0.003216374269005848, 0.0008771929824561404, 0.0014619883040935672, 0.0020467836257309943, 0.0023391812865497076, 0.005263157894736842, 0.0005847953216374269, 0.0011695906432748538, 0.0005847953216374269, 0.0020467836257309943, 0.0008771929824561404, 0.0014619883040935672, 0.0017543859649122807, 0.0008771929824561404, 0.0017543859649122807, 0.004093567251461989, 0.0008771929824561404, 0.004093567251461989, 0.0008771929824561404, 0.0008771929824561404, 0.0011695906432748538, 0.0008771929824561404, 0.004093567251461989, 0.005555555555555556, 0.003216374269005848, 0.0011695906432748538, 0.0005847953216374269, 0.004970760233918129, 0.0014619883040935672, 0.0014619883040935672, 0.0008771929824561404, 0.004093567251461989, 0.0008771929824561404, 0.0005847953216374269, 0.0014619883040935672, 0.0008771929824561404, 0.0008771929824561404, 0.007894736842105263, 0.0014619883040935672, 0.0011695906432748538, 0.005263157894736842, 0.007309941520467836, 0.0020467836257309943, 0.0017543859649122807, 0.0008771929824561404, 0.0023391812865497076, 0.0035087719298245615, 0.0020467836257309943, 0.0011695906432748538, 0.0008771929824561404, 0.0008771929824561404, 0.0011695906432748538, 0.0014619883040935672, 0.002631578947368421, 0.0008771929824561404, 0.0005847953216374269, 0.0014619883040935672, 0.0035087719298245615, 0.002631578947368421, 0.0020467836257309943, 0.003801169590643275, 0.0020467836257309943, 0.0011695906432748538, 0.0029239766081871343, 0.003216374269005848, 0.0020467836257309943, 0.0020467836257309943, 0.0005847953216374269, 0.0011695906432748538, 0.0020467836257309943, 0.0017543859649122807, 0.0005847953216374269, 0.003216374269005848, 0.0011695906432748538, 0.0017543859649122807, 0.0008771929824561404, 0.0029239766081871343, 0.002631578947368421, 0.0023391812865497076, 0.003801169590643275, 0.003801169590643275, 0.0029239766081871343, 0.0023391812865497076, 0.0011695906432748538, 0.0014619883040935672, 0.0017543859649122807, 0.0011695906432748538, 0.004678362573099415, 0.0014619883040935672, 0.003801169590643275, 0.0017543859649122807, 0.0011695906432748538, 0.0014619883040935672, 0.0008771929824561404, 0.0008771929824561404, 0.0014619883040935672, 0.002631578947368421, 0.0020467836257309943, 0.0014619883040935672, 0.0014619883040935672, 0.0017543859649122807, 0.0014619883040935672, 0.0008771929824561404, 0.0008771929824561404, 0.003216374269005848, 0.0008771929824561404, 0.003801169590643275, 0.0005847953216374269, 0.0014619883040935672, 0.0005847953216374269, 0.0008771929824561404, 0.0008771929824561404, 0.0020467836257309943, 0.0035087719298245615, 0.0011695906432748538, 0.0008771929824561404, 0.0011695906432748538, 0.0005847953216374269, 0.0017543859649122807, 0.002631578947368421, 0.0014619883040935672, 0.0005847953216374269, 0.0005847953216374269, 0.0020467836257309943, 0.0035087719298245615, 0.008187134502923977, 0.0014619883040935672, 0.0017543859649122807, 0.0014619883040935672, 0.0014619883040935672, 0.0029239766081871343, 0.0008771929824561404, 0.0020467836257309943, 0.007017543859649123, 0.0008771929824561404, 0.0020467836257309943, 0.0035087719298245615, 0.0008771929824561404, 0.002631578947368421, 0.0020467836257309943, 0.0014619883040935672, 0.0017543859649122807, 0.0011695906432748538, 0.0008771929824561404, 0.005263157894736842, 0.0029239766081871343, 0.0008771929824561404, 0.0011695906432748538, 0.0005847953216374269, 0.003216374269005848, 0.0020467836257309943, 0.0023391812865497076, 0.0008771929824561404, 0.0035087719298245615, 0.0008771929824561404, 0.0005847953216374269, 0.0017543859649122807, 0.003216374269005848, 0.0008771929824561404, 0.0005847953216374269, 0.0005847953216374269, 0.0011695906432748538, 0.0008771929824561404, 0.0020467836257309943, 0.0005847953216374269, 0.0008771929824561404, 0.0014619883040935672, 0.0014619883040935672, 0.0014619883040935672, 0.0008771929824561404, 0.0014619883040935672, 0.002631578947368421, 0.0005847953216374269, 0.0014619883040935672, 0.0023391812865497076, 0.002631578947368421, 0.0023391812865497076, 0.003801169590643275, 0.005555555555555556, 0.004093567251461989, 0.0014619883040935672, 0.003801169590643275, 0.0005847953216374269, 0.0005847953216374269, 0.003216374269005848, 0.0011695906432748538, 0.004093567251461989, 0.0014619883040935672, 0.0008771929824561404, 0.0020467836257309943, 0.002631578947368421, 0.0005847953216374269, 0.0020467836257309943, 0.0011695906432748538, 0.0020467836257309943, 0.0017543859649122807, 0.0014619883040935672, 0.0008771929824561404, 0.0014619883040935672, 0.0014619883040935672, 0.003216374269005848, 0.0020467836257309943, 0.0017543859649122807, 0.0011695906432748538, 0.0005847953216374269, 0.0005847953216374269, 0.0014619883040935672, 0.005263157894736842, 0.0029239766081871343, 0.0014619883040935672, 0.0023391812865497076, 0.0020467836257309943, 0.0008771929824561404, 0.0011695906432748538, 0.0017543859649122807, 0.0008771929824561404, 0.002631578947368421, 0.0014619883040935672, 0.003216374269005848]
Finished creating FedAvg server.
User ID: 71 0.00 0.00 0.00 2.39 2.39
User ID: 71 0.08 0.33 0.13 0.70 0.56
User ID: 7 0.00 0.00 0.00 0.98 0.98
User ID: 7 0.25 0.50 0.33 0.50 0.50
User ID: 189 0.11 0.33 0.17 1.34 1.34
User ID: 189 0.11 0.33 0.17 0.67 0.84
User ID: 202 0.00 0.00 0.00 1.00 0.78
User ID: 202 0.17 0.33 0.22 0.88 0.72
User ID: 208 0.00 0.00 0.00 0.99 0.99
User ID: 208 0.00 0.00 0.00 1.99 1.99
User ID: 0 0.25 0.50 0.33 1.00 1.00
User ID: 0 0.00 0.00 0.00 0.01 0.01
User ID: 160 0.25 0.50 0.33 2.00 2.00
User ID: 160 0.05 0.25 0.08 2.50 2.80
User ID: 10 0.11 0.33 0.17 1.23 1.23
User ID: 10 0.00 0.00 0.00 0.30 0.30
User ID: 105 1.00 1.00 1.00 0.00 0.00
User ID: 105 1.00 1.00 1.00 0.00 0.00
User ID: 68 0.00 0.00 0.00 1.00 0.75
User ID: 68 0.05 0.33 0.08 0.92 0.53
User ID: 139 0.00 0.00 0.00 1.98 1.98
User ID: 139 0.33 0.50 0.40 0.50 0.66
User ID: 207 1.00 1.00 1.00 0.71 0.71
User ID: 207 0.00 0.00 0.00 1.00 1.00
User ID: 57 0.00 0.00 0.00 0.00 0.00
User ID: 57 0.00 0.00 0.00 0.00 0.00
User ID: 128 1.00 1.00 1.00 0.02 0.02
User ID: 128 0.33 0.50 0.40 1.52 1.02
User ID: 133 0.00 0.00 0.00 0.47 0.47
User ID: 133 1.00 1.00 1.00 0.53 0.53
User ID: 190 0.11 0.33 0.17 2.01 2.01
User ID: 190 0.20 0.33 0.25 1.67 1.01
User ID: 149 0.25 0.50 0.33 1.01 1.01
User ID: 149 0.00 0.00 0.00 1.51 1.51
User ID: 290 1.00 1.00 1.00 0.99 0.99
User ID: 290 0.00 0.00 0.00 0.01 0.01
User ID: 117 0.33 0.50 0.40 0.50 0.61
User ID: 117 0.03 0.20 0.04 1.77 1.50
User ID: 253 0.00 0.00 0.00 3.99 3.99
User ID: 253 1.00 1.00 1.00 0.99 0.99
User ID: 67 1.00 1.00 1.00 0.97 0.97
User ID: 67 0.11 0.33 0.17 0.68 0.68
User ID: 76 0.00 0.00 0.00 0.03 0.03
User ID: 76 0.00 0.00 0.00 2.00 2.66
User ID: 145 0.33 0.50 0.40 0.50 0.58
User ID: 145 0.20 0.33 0.25 0.91 0.84
User ID: 49 0.00 0.00 0.00 0.03 0.03
User ID: 49 0.00 0.00 0.00 0.03 0.03
User ID: 17 0.25 0.50 0.33 0.50 0.50
User ID: 17 0.12 0.50 0.20 0.50 0.75
User ID: 279 0.17 0.50 0.25 1.00 1.16
User ID: 279 0.20 0.33 0.25 0.83 0.70
User ID: 200 0.00 0.00 0.00 1.50 1.50
User ID: 200 0.00 0.00 0.00 1.20 1.32
User ID: 194 0.00 0.00 0.00 1.50 1.75
User ID: 194 0.02 0.20 0.04 1.20 1.56
User ID: 3 0.00 0.00 0.00 0.72 0.72
User ID: 3 0.08 0.33 0.13 0.76 0.75
User ID: 51 0.00 0.00 0.00 0.00 0.00
User ID: 51 0.12 0.33 0.18 1.00 0.62
User ID: 204 0.25 0.50 0.33 0.50 0.50
User ID: 204 0.11 0.33 0.17 0.67 0.67
User ID: 21 0.00 0.00 0.00 0.50 0.50
User ID: 21 0.00 0.00 0.00 2.00 1.75
User ID: 22 0.00 0.00 0.00 0.05 0.05
User ID: 22 0.00 0.00 0.00 0.05 0.05
User ID: 94 0.00 0.00 0.00 1.00 1.00
User ID: 94 1.00 1.00 1.00 0.00 0.00
User ID: 206 1.00 1.00 1.00 0.02 0.02
User ID: 206 1.00 1.00 1.00 0.02 0.02
User ID: 79 0.00 0.00 0.00 0.01 0.01
User ID: 79 0.00 0.00 0.00 0.51 0.35
User ID: 30 0.25 0.50 0.33 0.50 0.50
User ID: 30 0.17 0.33 0.22 0.94 0.62
User ID: 129 0.00 0.00 0.00 0.47 0.47
User ID: 129 0.25 0.50 0.33 1.03 1.03
User ID: 115 0.33 0.50 0.40 1.00 0.67
User ID: 115 0.06 0.33 0.10 1.66 1.99
User ID: 225 0.00 0.00 0.00 0.99 0.99
User ID: 225 0.00 0.00 0.00 1.67 1.67
User ID: 184 0.00 0.00 0.00 4.08 4.08
User ID: 184 0.25 0.50 0.33 2.08 2.08
User ID: 281 0.00 0.00 0.00 0.99 0.99
User ID: 281 0.08 0.33 0.13 0.67 0.75
User ID: 88 0.00 0.00 0.00 1.99 1.99
User ID: 88 0.00 0.00 0.00 2.00 1.99
User ID: 58 0.00 0.00 0.00 0.51 0.35
User ID: 58 0.06 0.33 0.10 0.67 0.34
User ID: 295 0.00 0.00 0.00 3.45 3.45
User ID: 295 0.11 0.33 0.17 2.15 2.15
User ID: 161 1.00 1.00 1.00 0.99 0.99
User ID: 161 0.00 0.00 0.00 0.01 0.01
User ID: 250 1.00 1.00 1.00 0.99 0.99
User ID: 250 0.00 0.00 0.00 1.51 1.51
User ID: 50 0.00 0.00 0.00 0.00 0.00
User ID: 50 0.00 0.00 0.00 0.00 0.00
User ID: 63 1.00 1.00 1.00 0.35 0.35
User ID: 63 0.25 0.50 0.33 1.00 1.00
User ID: 176 1.00 1.00 1.00 0.99 0.99
User ID: 176 0.00 0.00 0.00 0.01 0.01
User ID: 275 0.00 0.00 0.00 3.00 2.50
User ID: 275 0.00 0.00 0.00 3.00 3.00
User ID: 52 0.00 0.00 0.00 1.00 1.00
User ID: 52 0.25 0.50 0.33 2.50 2.50
User ID: 35 0.00 0.00 0.00 1.50 1.33
User ID: 35 0.00 0.00 0.00 1.33 1.20
User ID: 109 0.00 0.00 0.00 1.00 1.00
User ID: 109 1.00 1.00 1.00 1.00 1.00
User ID: 240 0.25 0.50 0.33 0.50 0.50
User ID: 240 0.08 0.33 0.13 3.14 3.39
User ID: 219 1.00 1.00 1.00 0.01 0.01
User ID: 219 0.25 0.50 0.33 1.51 1.51
User ID: 138 0.25 0.50 0.33 0.50 0.50
User ID: 138 0.17 0.33 0.22 1.37 1.06
User ID: 291 0.00 0.00 0.00 1.49 1.49
User ID: 291 0.00 0.00 0.00 0.99 0.99
User ID: 62 0.00 0.00 0.00 3.00 3.00
User ID: 62 0.00 0.00 0.00 2.00 2.25
User ID: 224 0.25 0.50 0.33 0.50 0.50
User ID: 224 0.25 0.50 0.33 0.50 0.50
User ID: 267 0.00 0.00 0.00 1.02 1.02
User ID: 267 0.04 0.25 0.07 1.51 1.85
User ID: 98 0.00 0.00 0.00 0.09 0.09
User ID: 98 0.00 0.00 0.00 1.09 1.09
User ID: 252 0.00 0.00 0.00 2.01 2.01
User ID: 252 0.25 0.50 0.33 1.01 1.01
User ID: 178 0.00 0.00 0.00 1.11 1.11
User ID: 178 0.00 0.00 0.00 2.50 2.50
User ID: 106 0.25 0.50 0.33 0.50 0.50
User ID: 106 0.33 0.50 0.40 1.00 0.77
User ID: 146 0.00 0.00 0.00 1.50 1.50
User ID: 146 0.06 0.25 0.10 1.25 1.25
User ID: 169 0.00 0.00 0.00 0.50 0.50
User ID: 169 0.00 0.00 0.00 1.50 1.33
User ID: 80 0.25 0.50 0.33 0.50 0.50
User ID: 80 0.11 0.33 0.17 0.67 0.67
User ID: 75 0.00 0.00 0.00 0.70 0.70
User ID: 75 0.13 0.33 0.19 0.77 0.66
User ID: 60 0.25 0.50 0.33 1.50 1.50
User ID: 60 0.12 0.50 0.20 0.50 0.75
User ID: 44 0.00 0.00 0.00 1.00 1.00
User ID: 44 1.00 1.00 1.00 0.00 0.00
User ID: 180 0.00 0.00 0.00 1.01 1.01
User ID: 180 0.00 0.00 0.00 0.51 0.35
User ID: 210 1.00 1.00 1.00 0.02 0.02
User ID: 210 0.00 0.00 0.00 2.48 2.48
User ID: 144 0.00 0.00 0.00 4.04 4.04
User ID: 144 1.00 1.00 1.00 0.04 0.04
User ID: 203 0.00 0.00 0.00 2.99 2.99
User ID: 203 0.00 0.00 0.00 1.00 1.00
User ID: 37 0.00 0.00 0.00 1.97 1.97
User ID: 37 0.07 0.33 0.11 1.66 1.78
User ID: 229 0.00 0.00 0.00 1.00 1.00
User ID: 229 0.00 0.00 0.00 1.00 1.00
User ID: 212 0.00 0.00 0.00 2.00 2.00
User ID: 212 0.00 0.00 0.00 1.00 1.33
User ID: 196 0.00 0.00 0.00 0.00 0.00
User ID: 196 0.00 0.00 0.00 0.00 0.00
User ID: 33 0.25 0.50 0.33 0.77 0.77
User ID: 33 0.06 0.25 0.10 1.39 1.39
User ID: 259 0.25 0.50 0.33 1.50 1.50
User ID: 259 0.00 0.00 0.00 1.67 1.50
User ID: 187 0.00 0.00 0.00 2.74 2.74
User ID: 187 0.00 0.00 0.00 2.24 2.07
User ID: 235 0.00 0.00 0.00 3.99 3.99
User ID: 235 0.25 0.50 0.33 1.00 1.00
User ID: 300 0.00 0.00 0.00 0.00 0.00
User ID: 300 0.00 0.00 0.00 1.33 2.00
User ID: 99 0.00 0.00 0.00 1.00 1.00
User ID: 99 0.13 0.33 0.19 1.00 1.19
User ID: 181 0.00 0.00 0.00 1.00 1.00
User ID: 181 0.00 0.00 0.00 0.30 0.30
User ID: 273 0.11 0.33 0.17 0.67 0.67
User ID: 273 0.11 0.33 0.17 0.67 0.84
User ID: 172 1.00 1.00 1.00 0.54 0.54
User ID: 172 1.00 1.00 1.00 0.54 0.54
User ID: 173 1.00 1.00 1.00 0.96 0.96
User ID: 173 1.00 1.00 1.00 0.96 0.96
User ID: 218 0.00 0.00 0.00 2.00 2.00
User ID: 218 0.00 0.00 0.00 0.50 0.50
User ID: 110 0.00 0.00 0.00 2.50 2.50
User ID: 110 0.00 0.00 0.00 1.01 1.01
User ID: 248 0.00 0.00 0.00 1.47 1.47
User ID: 248 0.00 0.00 0.00 2.00 2.00
User ID: 143 0.00 0.00 0.00 1.49 1.49
User ID: 143 0.00 0.00 0.00 1.00 1.00
User ID: 228 0.00 0.00 0.00 2.00 2.00
User ID: 228 0.00 0.00 0.00 1.00 1.00
User ID: 107 0.17 0.50 0.25 0.50 0.34
User ID: 107 0.06 0.25 0.10 1.50 1.00
User ID: 92 1.00 1.00 1.00 0.00 0.00
User ID: 92 1.00 1.00 1.00 0.00 0.00
User ID: 270 1.00 1.00 1.00 0.02 0.02
User ID: 270 0.00 0.00 0.00 2.98 2.98
User ID: 175 0.00 0.00 0.00 0.51 0.51
User ID: 175 0.00 0.00 0.00 1.50 2.25
User ID: 19 0.00 0.00 0.00 0.01 0.01
User ID: 19 0.00 0.00 0.00 2.01 1.61
User ID: 286 1.00 1.00 1.00 1.00 1.00
User ID: 286 0.25 0.50 0.33 2.00 2.00
User ID: 89 0.25 0.50 0.33 1.00 1.00
User ID: 89 0.17 0.50 0.25 0.50 0.66
User ID: 155 0.00 0.00 0.00 1.00 1.00
User ID: 155 0.07 0.33 0.11 1.33 1.60
User ID: 55 1.00 1.00 1.00 0.00 0.00
User ID: 55 0.33 0.50 0.40 1.50 1.00
User ID: 97 0.00 0.00 0.00 3.00 3.00
User ID: 97 0.00 0.00 0.00 3.99 3.49
User ID: 93 0.00 0.00 0.00 1.99 1.99
User ID: 93 0.25 0.50 0.33 1.00 1.00
User ID: 182 0.00 0.00 0.00 1.98 1.98
User ID: 182 0.25 0.50 0.33 1.00 1.00
User ID: 205 0.00 0.00 0.00 1.99 1.99
User ID: 205 1.00 1.00 1.00 0.01 0.01
User ID: 157 0.00 0.00 0.00 1.00 1.00
User ID: 157 1.00 1.00 1.00 0.00 0.00
User ID: 234 1.00 1.00 1.00 0.01 0.01
User ID: 234 0.38 0.50 0.43 1.01 0.51
User ID: 39 0.25 0.50 0.33 1.48 1.48
User ID: 39 0.07 0.33 0.11 0.67 0.41
User ID: 124 0.00 0.00 0.00 1.00 1.00
User ID: 124 0.00 0.00 0.00 1.73 1.84
User ID: 28 0.17 0.50 0.25 1.50 1.67
User ID: 28 0.09 0.25 0.14 1.00 1.00
User ID: 73 0.00 0.00 0.00 0.00 0.00
User ID: 73 0.25 0.50 0.33 0.50 0.50
User ID: 217 0.25 0.50 0.33 0.51 0.51
User ID: 217 0.00 0.00 0.00 3.00 2.60
User ID: 126 0.00 0.00 0.00 2.04 2.04
User ID: 126 1.00 1.00 1.00 0.04 0.04
User ID: 122 0.00 0.00 0.00 1.99 1.99
User ID: 122 0.00 0.00 0.00 3.99 3.99
User ID: 8 0.00 0.00 0.00 0.46 0.46
User ID: 8 0.00 0.00 0.00 2.46 2.46
User ID: 16 1.00 1.00 1.00 0.01 0.01
User ID: 16 1.00 1.00 1.00 0.01 0.01
User ID: 54 0.00 0.00 0.00 4.00 4.00
User ID: 54 0.00 0.00 0.00 4.00 4.00
User ID: 4 1.00 1.00 1.00 0.02 0.02
User ID: 4 1.00 1.00 1.00 0.02 0.02
User ID: 14 0.00 0.00 0.00 5.95 5.95
User ID: 14 0.25 0.50 0.33 3.45 3.45
User ID: 215 0.08 0.33 0.13 1.34 1.25
User ID: 215 0.04 0.25 0.06 1.50 1.86
User ID: 121 1.00 1.00 1.00 0.01 0.01
User ID: 121 0.25 0.50 0.33 1.01 1.01
User ID: 241 0.00 0.00 0.00 1.50 1.00
User ID: 241 0.00 0.00 0.00 1.25 1.00
User ID: 245 0.25 0.50 0.33 0.50 0.50
User ID: 245 0.00 0.00 0.00 1.00 1.00
User ID: 112 0.00 0.00 0.00 1.33 1.33
User ID: 112 0.00 0.00 0.00 1.33 1.83
User ID: 61 0.00 0.00 0.00 1.01 1.01
User ID: 61 0.25 0.50 0.33 0.50 0.50
User ID: 233 0.25 0.50 0.33 0.50 0.50
User ID: 233 0.25 0.50 0.33 0.50 0.50
User ID: 256 0.33 0.50 0.40 1.50 1.33
User ID: 256 0.36 0.50 0.42 0.50 0.71
User ID: 83 0.25 0.50 0.33 0.50 0.50
User ID: 83 0.17 0.50 0.25 0.50 0.57
User ID: 168 0.00 0.00 0.00 1.01 1.01
User ID: 168 0.17 0.50 0.25 0.50 0.34
User ID: 118 0.25 0.50 0.33 1.00 1.00
User ID: 118 0.33 0.50 0.40 1.00 0.99
User ID: 64 0.00 0.00 0.00 1.00 1.00
User ID: 64 0.07 0.25 0.11 1.00 0.86
User ID: 20 0.00 0.00 0.00 0.01 0.01
User ID: 20 0.00 0.00 0.00 1.01 1.01
User ID: 177 0.00 0.00 0.00 2.00 2.00
User ID: 177 0.00 0.00 0.00 1.00 1.00
User ID: 147 0.25 0.50 0.33 1.00 1.00
User ID: 147 0.20 0.50 0.29 0.50 0.60
User ID: 274 0.25 0.50 0.33 1.00 1.00
User ID: 274 1.00 1.00 1.00 0.00 0.00
User ID: 158 0.25 0.50 0.33 0.50 0.50
User ID: 158 0.00 0.00 0.00 1.70 1.62
User ID: 195 0.00 0.00 0.00 4.98 4.98
User ID: 195 0.00 0.00 0.00 3.48 3.48
User ID: 287 0.25 0.50 0.33 0.50 0.50
User ID: 287 0.00 0.00 0.00 1.33 1.33
User ID: 77 0.33 0.50 0.40 0.50 0.34
User ID: 77 0.24 0.33 0.28 1.00 0.43
User ID: 265 0.00 0.00 0.00 2.00 2.34
User ID: 265 0.19 0.33 0.24 1.01 0.73
User ID: 211 1.00 1.00 1.00 0.99 0.99
User ID: 211 0.25 0.50 0.33 0.50 0.50
User ID: 53 0.00 0.00 0.00 2.00 2.00
User ID: 53 0.00 0.00 0.00 1.50 1.33
User ID: 81 0.00 0.00 0.00 0.50 0.67
User ID: 81 0.00 0.00 0.00 1.33 0.84
User ID: 86 0.00 0.00 0.00 1.26 1.26
User ID: 86 0.00 0.00 0.00 0.76 1.01
User ID: 134 0.00 0.00 0.00 2.01 2.01
User ID: 134 1.00 1.00 1.00 0.01 0.01
User ID: 123 0.13 0.33 0.19 0.67 0.60
User ID: 123 0.10 0.25 0.14 1.51 0.90
User ID: 154 0.25 0.50 0.33 0.50 0.50
User ID: 154 0.00 0.00 0.00 2.00 1.35
User ID: 127 0.00 0.00 0.00 2.20 2.20
User ID: 127 0.11 0.33 0.17 1.73 1.73
User ID: 216 0.00 0.00 0.00 1.49 1.49
User ID: 216 0.00 0.00 0.00 1.49 1.33
User ID: 188 0.00 0.00 0.00 3.96 3.96
User ID: 188 0.00 0.00 0.00 2.65 2.98
User ID: 137 0.00 0.00 0.00 2.00 2.00
User ID: 137 1.00 1.00 1.00 1.00 1.00
User ID: 103 0.00 0.00 0.00 2.99 2.99
User ID: 103 0.00 0.00 0.00 0.01 0.01
User ID: 41 0.17 0.50 0.25 1.00 1.33
User ID: 41 0.12 0.33 0.18 0.99 0.87
User ID: 2 0.00 0.00 0.00 0.00 0.00
User ID: 2 1.00 1.00 1.00 1.00 1.00
User ID: 232 0.00 0.00 0.00 0.52 0.35
User ID: 232 0.11 0.25 0.15 1.00 0.85
User ID: 26 0.00 0.00 0.00 0.01 0.01
User ID: 26 0.00 0.00 0.00 1.01 1.01
User ID: 18 0.00 0.00 0.00 0.05 0.05
User ID: 18 0.00 0.00 0.00 0.05 0.05
User ID: 1 0.25 0.50 0.33 1.05 1.05
User ID: 1 0.38 0.50 0.43 0.50 0.27
User ID: 131 0.00 0.00 0.00 1.47 1.47
User ID: 131 0.00 0.00 0.00 3.47 3.47
User ID: 239 0.00 0.00 0.00 0.47 0.47
User ID: 239 1.00 1.00 1.00 0.53 0.53
User ID: 31 0.25 0.50 0.33 1.51 1.51
User ID: 31 0.40 0.50 0.44 1.51 0.61
User ID: 223 0.00 0.00 0.00 1.50 1.50
User ID: 223 0.13 0.33 0.19 1.67 1.40
User ID: 231 0.00 0.00 0.00 1.50 1.50
User ID: 231 0.25 0.50 0.33 1.00 1.00
User ID: 43 0.00 0.00 0.00 1.50 1.50
User ID: 43 0.00 0.00 0.00 1.66 1.00
User ID: 263 0.17 0.50 0.25 0.50 0.59
User ID: 263 0.20 0.50 0.29 0.50 0.55
User ID: 151 1.00 1.00 1.00 0.00 0.00
User ID: 151 1.00 1.00 1.00 0.00 0.00
User ID: 140 0.00 0.00 0.00 4.99 4.99
User ID: 140 0.33 0.50 0.40 2.00 1.34
User ID: 132 0.00 0.00 0.00 1.04 1.04
User ID: 132 0.00 0.00 0.00 0.04 0.04
User ID: 159 0.00 0.00 0.00 4.00 4.00
User ID: 159 0.11 0.33 0.17 2.67 2.67
User ID: 119 1.00 1.00 1.00 0.00 0.00
User ID: 119 1.00 1.00 1.00 0.00 0.00
User ID: 91 0.00 0.00 0.00 1.99 1.99
User ID: 91 0.00 0.00 0.00 0.01 0.01
User ID: 130 0.00 0.00 0.00 1.71 1.71
User ID: 130 0.00 0.00 0.00 1.00 1.00
User ID: 6 0.00 0.00 0.00 0.01 0.01
User ID: 6 0.12 0.50 0.20 0.50 0.25
User ID: 101 0.13 0.33 0.19 1.05 1.05
User ID: 101 0.13 0.25 0.18 1.55 1.05
User ID: 255 0.00 0.00 0.00 0.01 0.01
User ID: 255 0.00 0.00 0.00 3.99 3.99
User ID: 237 0.00 0.00 0.00 0.96 1.13
User ID: 237 0.00 0.00 0.00 0.96 1.13
User ID: 25 0.33 0.50 0.40 1.00 0.99
User ID: 25 0.05 0.33 0.08 0.67 0.44
User ID: 87 0.25 0.50 0.33 0.50 0.50
User ID: 87 0.06 0.25 0.10 1.00 1.00
User ID: 32 0.00 0.00 0.00 2.50 2.50
User ID: 32 0.03 0.17 0.06 2.16 2.00
User ID: 227 0.00 0.00 0.00 1.50 1.50
User ID: 227 0.07 0.33 0.11 2.00 2.40
User ID: 243 0.25 0.50 0.33 2.00 2.00
User ID: 243 0.17 0.50 0.25 1.50 1.67
User ID: 111 0.06 0.25 0.10 1.50 1.50
User ID: 111 0.07 0.20 0.11 1.68 1.23
User ID: 294 0.00 0.00 0.00 1.50 1.50
User ID: 294 0.00 0.00 0.00 2.00 2.00
User ID: 42 0.33 0.50 0.40 0.50 0.44
User ID: 42 0.31 0.50 0.38 0.50 0.46
User ID: 257 0.25 0.50 0.33 1.38 1.38
User ID: 257 0.11 0.33 0.17 0.79 0.79
User ID: 183 1.00 1.00 1.00 0.30 0.30
User ID: 183 0.11 0.33 0.17 1.77 1.77
User ID: 27 0.00 0.00 0.00 3.46 3.46
User ID: 27 0.00 0.00 0.00 2.46 2.46
User ID: 90 0.00 0.00 0.00 1.00 1.00
User ID: 90 0.13 0.33 0.19 0.81 0.86
User ID: 299 0.00 0.00 0.00 2.37 2.37
User ID: 299 0.11 0.33 0.17 1.12 1.12
User ID: 214 0.00 0.00 0.00 2.13 2.13
User ID: 214 0.00 0.00 0.00 1.00 0.97
User ID: 222 0.00 0.00 0.00 3.98 3.98
User ID: 222 0.00 0.00 0.00 2.98 2.98
User ID: 298 0.00 0.00 0.00 1.00 1.00
User ID: 298 0.00 0.00 0.00 1.00 0.75
User ID: 284 1.00 1.00 1.00 1.00 1.00
User ID: 284 0.00 0.00 0.00 0.00 0.00
User ID: 66 0.00 0.00 0.00 2.00 2.00
User ID: 66 0.05 0.25 0.08 1.25 1.08
User ID: 251 0.00 0.00 0.00 1.45 1.45
User ID: 251 0.00 0.00 0.00 1.45 1.45
User ID: 125 0.00 0.00 0.00 0.38 0.38
User ID: 125 0.00 0.00 0.00 1.54 0.96
User ID: 269 0.00 0.00 0.00 1.55 1.55
User ID: 269 0.00 0.00 0.00 1.55 1.55
User ID: 164 0.00 0.00 0.00 0.98 0.98
User ID: 164 0.00 0.00 0.00 0.98 0.98
User ID: 271 0.25 0.50 0.33 0.50 0.50
User ID: 271 0.06 0.25 0.10 1.75 1.75
User ID: 45 1.00 1.00 1.00 0.01 0.01
User ID: 45 1.00 1.00 1.00 0.01 0.01
User ID: 198 0.11 0.33 0.17 1.48 1.48
User ID: 198 0.09 0.25 0.14 1.50 1.12
User ID: 84 0.00 0.00 0.00 1.50 1.65
User ID: 84 0.00 0.00 0.00 1.27 0.90
User ID: 246 1.00 1.00 1.00 0.97 0.97
User ID: 246 0.17 0.50 0.25 0.50 0.34
User ID: 29 0.25 0.50 0.33 0.50 0.50
User ID: 29 0.00 0.00 0.00 1.00 1.00
User ID: 150 0.00 0.00 0.00 0.00 0.00
User ID: 150 0.17 0.50 0.25 0.50 0.33
User ID: 293 0.00 0.00 0.00 3.32 3.32
User ID: 293 0.25 0.50 0.33 2.32 2.32
User ID: 264 0.00 0.00 0.00 2.67 2.67
User ID: 264 0.11 0.33 0.17 1.34 1.34
User ID: 156 0.00 0.00 0.00 0.58 0.58
User ID: 156 0.00 0.00 0.00 1.58 1.92
User ID: 12 0.25 0.50 0.33 1.00 1.00
User ID: 12 0.17 0.33 0.22 0.67 0.75
User ID: 272 0.00 0.00 0.00 1.45 1.45
User ID: 272 0.00 0.00 0.00 1.55 1.55
User ID: 70 1.00 1.00 1.00 0.00 0.00
User ID: 70 1.00 1.00 1.00 0.00 0.00
User ID: 266 1.00 1.00 1.00 0.53 0.53
User ID: 266 0.00 0.00 0.00 0.47 0.47
User ID: 260 0.00 0.00 0.00 1.22 1.39
User ID: 260 0.04 0.25 0.07 1.39 1.50
User ID: 249 1.00 1.00 1.00 0.99 0.99
User ID: 249 0.00 0.00 0.00 0.51 0.51
User ID: 199 0.00 0.00 0.00 1.01 1.01
User ID: 199 0.00 0.00 0.00 1.67 1.67
User ID: 142 0.00 0.00 0.00 0.29 0.29
User ID: 142 0.00 0.00 0.00 0.29 0.29
User ID: 258 0.00 0.00 0.00 1.95 1.95
User ID: 258 0.00 0.00 0.00 2.00 2.00
User ID: 69 1.00 1.00 1.00 0.99 0.99
User ID: 69 1.00 1.00 1.00 0.99 0.99
User ID: 114 0.00 0.00 0.00 1.50 1.50
User ID: 114 0.08 0.33 0.13 1.00 1.24
User ID: 15 0.00 0.00 0.00 2.00 2.00
User ID: 15 0.11 0.33 0.17 1.00 1.00
User ID: 85 0.25 0.50 0.33 0.50 0.50
User ID: 85 0.20 0.50 0.29 0.50 0.60
User ID: 283 0.00 0.00 0.00 1.19 1.19
User ID: 283 0.12 0.50 0.20 0.50 0.35
User ID: 254 1.00 1.00 1.00 0.00 0.00
User ID: 254 1.00 1.00 1.00 0.00 0.00
User ID: 135 0.00 0.00 0.00 1.00 1.00
User ID: 135 0.17 0.50 0.25 1.00 1.33
User ID: 59 0.00 0.00 0.00 0.95 0.95
User ID: 59 0.17 0.50 0.25 0.50 0.65
User ID: 197 1.00 1.00 1.00 0.99 0.99
User ID: 197 0.00 0.00 0.00 1.34 1.34
User ID: 171 0.00 0.00 0.00 1.49 1.32
User ID: 171 0.12 0.33 0.18 1.00 1.12
User ID: 297 1.00 1.00 1.00 0.99 0.99
User ID: 297 0.00 0.00 0.00 1.01 1.01
User ID: 247 0.00 0.00 0.00 3.00 3.00
User ID: 247 0.00 0.00 0.00 0.00 0.00
User ID: 120 1.00 1.00 1.00 0.54 0.54
User ID: 120 0.00 0.00 0.00 0.46 0.46
User ID: 292 0.00 0.00 0.00 0.05 0.05
User ID: 292 0.00 0.00 0.00 1.00 0.68
User ID: 179 1.00 1.00 1.00 0.71 0.71
User ID: 179 0.00 0.00 0.00 0.29 0.29
User ID: 191 0.00 0.00 0.00 1.02 1.02
User ID: 191 1.00 1.00 1.00 0.02 0.02
User ID: 113 1.00 1.00 1.00 0.56 0.56
User ID: 113 0.33 0.50 0.40 1.50 1.19
User ID: 100 0.00 0.00 0.00 0.01 0.01
User ID: 100 0.00 0.00 0.00 0.01 0.01
User ID: 95 0.00 0.00 0.00 0.99 0.99
User ID: 95 0.00 0.00 0.00 2.50 2.00
User ID: 65 0.17 0.50 0.25 0.50 0.67
User ID: 65 0.22 0.33 0.27 1.00 0.50
User ID: 46 0.00 0.00 0.00 1.00 1.00
User ID: 46 0.00 0.00 0.00 1.50 1.50
User ID: 230 0.00 0.00 0.00 1.01 1.34
User ID: 230 0.00 0.00 0.00 1.01 1.34
User ID: 136 1.00 1.00 1.00 0.02 0.02
User ID: 136 0.00 0.00 0.00 0.98 0.98
User ID: 192 0.00 0.00 0.00 1.99 1.99
User ID: 192 0.00 0.00 0.00 2.99 2.99
User ID: 236 1.00 1.00 1.00 0.29 0.29
User ID: 236 0.25 0.50 0.33 2.29 2.29
User ID: 34 0.00 0.00 0.00 0.01 0.01
User ID: 34 0.00 0.00 0.00 1.00 1.00
User ID: 186 0.00 0.00 0.00 2.10 2.27
User ID: 186 0.00 0.00 0.00 0.90 1.23
User ID: 170 0.00 0.00 0.00 1.58 1.58
User ID: 170 0.03 0.20 0.04 2.24 1.68
User ID: 36 0.25 0.50 0.33 1.00 1.00
User ID: 36 0.08 0.33 0.13 1.67 1.50
User ID: 102 0.00 0.00 0.00 2.01 2.01
User ID: 102 0.00 0.00 0.00 2.00 2.00
User ID: 276 0.00 0.00 0.00 1.53 1.53
User ID: 276 0.00 0.00 0.00 1.53 1.53
User ID: 24 0.17 0.50 0.25 0.50 0.33
User ID: 24 0.05 0.33 0.08 0.67 0.29
User ID: 221 0.00 0.00 0.00 0.00 0.00
User ID: 221 0.25 0.50 0.33 1.50 1.50
User ID: 23 0.00 0.00 0.00 1.01 1.01
User ID: 23 0.00 0.00 0.00 0.51 0.67
User ID: 11 1.00 1.00 1.00 0.01 0.01
User ID: 11 0.25 0.50 0.33 1.01 1.01
User ID: 167 0.00 0.00 0.00 1.45 1.45
User ID: 167 0.00 0.00 0.00 1.21 1.33
User ID: 153 0.00 0.00 0.00 1.98 1.98
User ID: 153 0.00 0.00 0.00 1.98 1.98
User ID: 193 0.00 0.00 0.00 0.00 0.00
User ID: 193 1.00 1.00 1.00 1.00 1.00
User ID: 13 0.00 0.00 0.00 0.03 0.03
User ID: 13 0.00 0.00 0.00 1.00 1.00
User ID: 104 0.00 0.00 0.00 2.00 2.00
User ID: 104 0.00 0.00 0.00 2.00 2.00
User ID: 201 1.00 1.00 1.00 0.99 0.99
User ID: 201 0.25 0.50 0.33 0.50 0.50
User ID: 185 0.07 0.33 0.11 0.67 0.60
User ID: 185 0.05 0.25 0.08 1.25 0.82
User ID: 261 0.00 0.00 0.00 0.01 0.01
User ID: 261 0.00 0.00 0.00 2.01 2.01
User ID: 9 0.00 0.00 0.00 0.46 0.46
User ID: 9 0.25 0.50 0.33 0.50 0.50
User ID: 163 0.00 0.00 0.00 1.00 1.00
User ID: 163 0.11 0.25 0.15 1.00 0.71
User ID: 96 0.12 0.50 0.20 0.50 0.25
User ID: 96 0.00 0.00 0.00 1.00 0.20
User ID: 47 0.00 0.00 0.00 1.01 1.01
User ID: 47 0.00 0.00 0.00 2.50 2.50
User ID: 325 0.00 0.00 0.00 0.01 0.01
User ID: 325 0.00 0.00 0.00 0.51 0.35
User ID: 504 1.00 1.00 1.00 0.99 0.99
User ID: 504 0.25 0.50 0.33 0.50 0.50
User ID: 323 0.00 0.00 0.00 0.51 0.51
User ID: 323 0.11 0.33 0.17 0.67 0.67
User ID: 369 1.00 1.00 1.00 0.00 0.00
User ID: 369 0.30 0.50 0.37 0.50 0.40
User ID: 470 0.00 0.00 0.00 0.98 0.98
User ID: 470 0.11 0.33 0.17 0.99 0.99
User ID: 597 1.00 1.00 1.00 0.53 0.53
User ID: 597 1.00 1.00 1.00 0.53 0.53
User ID: 587 0.00 0.00 0.00 1.99 1.99
User ID: 587 0.00 0.00 0.00 1.99 1.99
User ID: 524 0.00 0.00 0.00 3.00 3.00
User ID: 524 0.00 0.00 0.00 4.00 4.00
User ID: 488 0.00 0.00 0.00 1.99 1.99
User ID: 488 0.00 0.00 0.00 0.01 0.01
User ID: 482 0.00 0.00 0.00 2.05 2.05
User ID: 482 0.00 0.00 0.00 2.55 2.55
User ID: 503 0.00 0.00 0.00 1.99 1.99
User ID: 503 0.00 0.00 0.00 2.00 1.99
User ID: 408 1.00 1.00 1.00 0.99 0.99
User ID: 408 0.00 0.00 0.00 0.01 0.01
User ID: 544 0.00 0.00 0.00 1.01 1.01
User ID: 544 0.00 0.00 0.00 1.01 1.01
User ID: 515 0.00 0.00 0.00 3.00 3.00
User ID: 515 0.00 0.00 0.00 2.00 2.00
User ID: 491 0.00 0.00 0.00 0.51 0.51
User ID: 491 0.00 0.00 0.00 2.33 2.20
User ID: 327 0.00 0.00 0.00 1.04 1.04
User ID: 327 0.00 0.00 0.00 0.54 0.70
User ID: 324 0.25 0.50 0.33 0.50 0.50
User ID: 324 0.25 0.50 0.33 0.50 0.50
User ID: 307 0.00 0.00 0.00 1.48 1.48
User ID: 307 0.10 0.25 0.14 1.00 0.80
User ID: 346 0.25 0.50 0.33 0.50 0.50
User ID: 346 0.33 0.50 0.40 0.50 0.60
User ID: 486 1.00 1.00 1.00 0.03 0.03
User ID: 486 0.25 0.50 0.33 1.03 1.03
User ID: 435 0.00 0.00 0.00 1.99 1.99
User ID: 435 0.00 0.00 0.00 1.00 1.00
User ID: 446 0.25 0.50 0.33 0.50 0.50
User ID: 446 1.00 1.00 1.00 0.00 0.00
User ID: 413 0.25 0.50 0.33 0.50 0.50
User ID: 413 0.00 0.00 0.00 2.00 2.00
User ID: 500 0.25 0.50 0.33 0.50 0.50
User ID: 500 0.25 0.50 0.33 0.50 0.50
User ID: 391 1.00 1.00 1.00 0.54 0.54
User ID: 391 0.00 0.00 0.00 1.54 1.54
User ID: 433 0.00 0.00 0.00 0.53 0.53
User ID: 433 0.25 0.50 0.33 0.50 0.50
User ID: 538 0.00 0.00 0.00 1.50 1.50
User ID: 538 0.33 0.50 0.40 0.50 0.33
User ID: 460 0.00 0.00 0.00 0.00 0.00
User ID: 460 0.00 0.00 0.00 1.00 0.67
User ID: 326 1.00 1.00 1.00 0.53 0.53
User ID: 326 0.00 0.00 0.00 1.53 1.53
User ID: 492 0.00 0.00 0.00 1.86 1.86
User ID: 492 0.10 0.50 0.17 0.50 0.72
User ID: 478 0.00 0.00 0.00 0.02 0.02
User ID: 478 0.00 0.00 0.00 1.00 1.00
User ID: 551 1.00 1.00 1.00 0.43 0.43
User ID: 551 0.11 0.33 0.17 0.86 0.86
User ID: 393 0.00 0.00 0.00 1.01 1.01
User ID: 393 0.00 0.00 0.00 0.01 0.01
User ID: 573 0.00 0.00 0.00 1.50 1.50
User ID: 573 0.00 0.00 0.00 1.34 1.25
User ID: 469 0.00 0.00 0.00 0.62 0.62
User ID: 469 0.33 0.50 0.40 0.50 0.46
User ID: 351 1.00 1.00 1.00 0.00 0.00
User ID: 351 0.33 0.50 0.40 1.00 0.67
User ID: 461 0.00 0.00 0.00 0.50 0.34
User ID: 461 0.00 0.00 0.00 0.50 0.20
User ID: 512 0.17 0.50 0.25 0.50 0.67
User ID: 512 0.30 0.50 0.37 0.50 0.40
User ID: 511 0.00 0.00 0.00 2.33 2.33
User ID: 511 0.08 0.33 0.13 1.06 1.09
User ID: 537 0.00 0.00 0.00 1.04 1.04
User ID: 537 0.11 0.33 0.17 1.82 1.82
User ID: 335 0.00 0.00 0.00 0.67 0.67
User ID: 335 1.00 1.00 1.00 0.33 0.33
User ID: 588 0.00 0.00 0.00 2.00 2.00
User ID: 588 0.00 0.00 0.00 2.50 2.50
User ID: 526 0.00 0.00 0.00 0.46 0.46
User ID: 526 0.00 0.00 0.00 0.96 1.13
User ID: 394 0.00 0.00 0.00 0.47 0.47
User ID: 394 0.00 0.00 0.00 1.00 1.00
User ID: 494 0.17 0.50 0.25 0.50 0.33
User ID: 494 0.10 0.33 0.15 1.00 0.57
User ID: 523 0.00 0.00 0.00 2.00 2.00
User ID: 523 0.00 0.00 0.00 1.00 1.00
User ID: 554 0.25 0.50 0.33 0.50 0.50
User ID: 554 0.13 0.33 0.19 1.15 0.89
User ID: 349 0.00 0.00 0.00 2.59 2.59
User ID: 349 0.00 0.00 0.00 1.59 1.59
User ID: 310 0.00 0.00 0.00 0.65 0.65
User ID: 310 0.00 0.00 0.00 1.15 1.15
User ID: 400 1.00 1.00 1.00 1.00 1.00
User ID: 400 0.00 0.00 0.00 0.50 0.50
User ID: 570 0.00 0.00 0.00 2.71 2.71
User ID: 570 0.00 0.00 0.00 4.71 4.71
User ID: 361 1.00 1.00 1.00 0.01 0.01
User ID: 361 0.25 0.50 0.33 0.51 0.51
User ID: 427 0.00 0.00 0.00 1.00 1.00
User ID: 427 0.17 0.50 0.25 0.50 0.33
User ID: 371 0.25 0.50 0.33 1.00 1.00
User ID: 371 0.25 0.50 0.33 0.50 0.50
User ID: 303 0.25 0.50 0.33 0.50 0.50
User ID: 303 0.25 0.50 0.33 1.02 1.02
User ID: 431 0.00 0.00 0.00 0.00 0.00
User ID: 431 0.00 0.00 0.00 2.50 2.50
User ID: 378 0.00 0.00 0.00 0.00 0.00
User ID: 378 0.00 0.00 0.00 1.50 1.50
User ID: 385 1.00 1.00 1.00 0.99 0.99
User ID: 385 0.00 0.00 0.00 1.00 0.67
User ID: 549 0.00 0.00 0.00 2.00 2.00
User ID: 549 0.00 0.00 0.00 1.50 1.50
User ID: 490 0.00 0.00 0.00 1.01 1.01
User ID: 490 1.00 1.00 1.00 0.99 0.99
User ID: 328 0.00 0.00 0.00 3.00 3.00
User ID: 328 1.00 1.00 1.00 0.00 0.00
User ID: 455 0.25 0.50 0.33 0.50 0.50
User ID: 455 0.00 0.00 0.00 2.50 2.80
User ID: 487 0.00 0.00 0.00 1.00 1.00
User ID: 487 1.00 1.00 1.00 0.00 0.00
User ID: 465 0.17 0.50 0.25 0.50 0.34
User ID: 465 0.20 0.50 0.29 0.50 0.40
User ID: 550 0.00 0.00 0.00 0.01 0.01
User ID: 550 1.00 1.00 1.00 0.99 0.99
User ID: 396 0.00 0.00 0.00 1.02 1.02
User ID: 396 0.17 0.50 0.25 0.50 0.66
User ID: 305 1.00 1.00 1.00 1.00 1.00
User ID: 305 0.00 0.00 0.00 0.00 0.00
User ID: 568 0.00 0.00 0.00 1.98 1.98
User ID: 568 0.00 0.00 0.00 2.02 2.02
User ID: 447 0.00 0.00 0.00 1.99 1.99
User ID: 447 1.00 1.00 1.00 0.99 0.99
User ID: 569 0.25 0.50 0.33 1.00 1.00
User ID: 569 0.17 0.50 0.25 0.50 0.36
User ID: 473 1.00 1.00 1.00 0.98 0.98
User ID: 473 0.10 0.50 0.17 0.50 0.21
User ID: 380 0.00 0.00 0.00 2.00 2.00
User ID: 380 0.00 0.00 0.00 0.00 0.00
User ID: 561 0.00 0.00 0.00 1.01 1.01
User ID: 561 1.00 1.00 1.00 0.99 0.99
User ID: 436 0.00 0.00 0.00 1.99 1.99
User ID: 436 1.00 1.00 1.00 0.01 0.01
User ID: 354 0.00 0.00 0.00 0.00 0.00
User ID: 354 0.00 0.00 0.00 0.00 0.00
User ID: 388 0.00 0.00 0.00 1.22 1.22
User ID: 388 0.00 0.00 0.00 1.28 1.44
User ID: 418 0.00 0.00 0.00 2.41 2.41
User ID: 418 0.00 0.00 0.00 2.00 1.96
User ID: 532 0.00 0.00 0.00 1.02 1.02
User ID: 532 0.33 0.50 0.40 0.52 0.35
User ID: 459 1.00 1.00 1.00 0.53 0.53
User ID: 459 1.00 1.00 1.00 0.53 0.53
User ID: 596 0.00 0.00 0.00 0.46 0.46
User ID: 596 0.00 0.00 0.00 0.46 0.46
User ID: 440 0.00 0.00 0.00 1.73 1.73
User ID: 440 0.33 0.50 0.40 0.50 0.42
User ID: 449 0.00 0.00 0.00 1.50 1.50
User ID: 449 0.00 0.00 0.00 1.33 1.20
User ID: 438 0.07 0.33 0.11 1.00 1.20
User ID: 438 0.04 0.20 0.06 1.40 1.27
User ID: 430 0.00 0.00 0.00 2.01 2.01
User ID: 430 0.25 0.50 0.33 0.50 0.50
User ID: 522 1.00 1.00 1.00 0.94 0.94
User ID: 522 0.33 0.50 0.40 0.50 0.65
User ID: 332 1.00 1.00 1.00 0.97 0.97
User ID: 332 0.00 0.00 0.00 0.03 0.03
User ID: 542 0.00 0.00 0.00 0.01 0.01
User ID: 542 0.00 0.00 0.00 0.51 0.51
User ID: 448 0.00 0.00 0.00 2.47 2.47
User ID: 448 0.00 0.00 0.00 0.03 0.03
User ID: 386 0.00 0.00 0.00 1.01 1.01
User ID: 386 0.00 0.00 0.00 0.01 0.01
User ID: 412 0.00 0.00 0.00 0.01 0.01
User ID: 412 0.00 0.00 0.00 0.01 0.01
User ID: 364 0.00 0.00 0.00 2.06 2.25
User ID: 364 0.02 0.20 0.04 1.44 1.69
User ID: 347 0.00 0.00 0.00 0.00 0.00
User ID: 347 1.00 1.00 1.00 1.00 1.00
User ID: 466 0.00 0.00 0.00 5.00 5.00
User ID: 466 0.00 0.00 0.00 3.33 3.33
User ID: 574 0.25 0.50 0.33 0.50 0.50
User ID: 574 0.13 0.33 0.19 1.01 0.81
User ID: 471 0.00 0.00 0.00 3.00 3.00
User ID: 471 0.00 0.00 0.00 3.50 3.50
User ID: 575 0.00 0.00 0.00 1.50 1.50
User ID: 575 0.08 0.33 0.13 0.67 0.75
User ID: 489 0.00 0.00 0.00 0.86 0.86
User ID: 489 1.00 1.00 1.00 0.14 0.14
User ID: 390 0.00 0.00 0.00 1.00 1.00
User ID: 390 0.33 0.50 0.40 0.50 0.33
User ID: 445 1.00 1.00 1.00 0.00 0.00
User ID: 445 0.11 0.33 0.17 1.00 1.00
User ID: 401 0.00 0.00 0.00 0.01 0.01
User ID: 401 0.25 0.50 0.33 0.50 0.50
User ID: 339 1.00 1.00 1.00 0.99 0.99
User ID: 339 1.00 1.00 1.00 0.99 0.99
User ID: 304 0.17 0.50 0.25 0.50 0.34
User ID: 304 0.00 0.00 0.00 1.34 0.59
User ID: 370 0.00 0.00 0.00 2.50 2.50
User ID: 370 0.00 0.00 0.00 1.50 1.25
User ID: 540 0.00 0.00 0.00 2.02 2.02
User ID: 540 0.00 0.00 0.00 2.02 2.02
User ID: 398 0.00 0.00 0.00 0.02 0.02
User ID: 398 0.00 0.00 0.00 0.02 0.02
User ID: 531 0.00 0.00 0.00 0.00 0.00
User ID: 531 0.00 0.00 0.00 0.00 0.00
User ID: 505 1.00 1.00 1.00 0.03 0.03
User ID: 505 0.40 0.50 0.44 2.00 0.82
User ID: 423 0.00 0.00 0.00 1.47 1.47
User ID: 423 0.00 0.00 0.00 1.34 1.34
User ID: 508 0.00 0.00 0.00 2.00 2.00
User ID: 508 0.00 0.00 0.00 2.00 2.18
User ID: 428 1.00 1.00 1.00 0.03 0.03
User ID: 428 0.00 0.00 0.00 1.03 1.03
User ID: 481 0.25 0.50 0.33 0.50 0.50
User ID: 481 0.20 0.33 0.25 0.67 0.41
User ID: 578 1.00 1.00 1.00 1.00 1.00
User ID: 578 1.00 1.00 1.00 1.00 1.00
User ID: 536 0.00 0.00 0.00 0.00 0.00
User ID: 536 1.00 1.00 1.00 1.00 1.00
User ID: 514 0.00 0.00 0.00 0.01 0.01
User ID: 514 0.33 0.50 0.40 1.00 1.00
User ID: 527 0.25 0.50 0.33 0.50 0.50
User ID: 527 0.00 0.00 0.00 0.00 0.00
User ID: 555 0.00 0.00 0.00 1.00 1.00
User ID: 555 0.00 0.00 0.00 1.00 1.00
User ID: 462 0.00 0.00 0.00 2.45 2.45
User ID: 462 0.00 0.00 0.00 0.45 0.45
User ID: 316 0.00 0.00 0.00 1.47 1.47
User ID: 316 0.00 0.00 0.00 1.47 1.47
User ID: 485 0.00 0.00 0.00 0.53 0.53
User ID: 485 0.00 0.00 0.00 0.53 0.53
User ID: 376 0.00 0.00 0.00 3.00 3.00
User ID: 376 0.00 0.00 0.00 0.50 0.50
User ID: 595 0.25 0.50 0.33 1.50 1.50
User ID: 595 0.25 0.50 0.33 2.00 2.00
User ID: 384 0.00 0.00 0.00 0.01 0.01
User ID: 384 1.00 1.00 1.00 0.99 0.99
User ID: 562 1.00 1.00 1.00 0.02 0.02
User ID: 562 1.00 1.00 1.00 0.02 0.02
User ID: 405 1.00 1.00 1.00 0.01 0.01
User ID: 405 0.00 0.00 0.00 2.00 2.00
User ID: 513 0.00 0.00 0.00 2.99 2.99
User ID: 513 0.00 0.00 0.00 3.49 3.32
User ID: 582 1.00 1.00 1.00 0.04 0.04
User ID: 582 1.00 1.00 1.00 0.04 0.04
User ID: 530 0.00 0.00 0.00 1.00 1.00
User ID: 530 0.00 0.00 0.00 0.50 0.50
User ID: 434 0.00 0.00 0.00 0.01 0.01
User ID: 434 0.00 0.00 0.00 0.01 0.01
User ID: 545 0.00 0.00 0.00 2.50 2.50
User ID: 545 0.00 0.00 0.00 2.00 2.00
User ID: 336 0.00 0.00 0.00 2.46 2.46
User ID: 336 1.00 1.00 1.00 0.54 0.54
User ID: 535 0.00 0.00 0.00 3.99 3.99
User ID: 535 0.00 0.00 0.00 1.99 1.99
User ID: 586 0.00 0.00 0.00 0.99 0.99
User ID: 586 0.33 0.50 0.40 0.51 0.35
User ID: 358 0.25 0.50 0.33 1.54 1.54
User ID: 358 0.00 0.00 0.00 1.46 1.71
User ID: 463 0.25 0.50 0.33 0.50 0.50
User ID: 463 0.00 0.00 0.00 1.01 1.01
User ID: 567 0.00 0.00 0.00 0.02 0.02
User ID: 567 0.00 0.00 0.00 0.52 0.22
User ID: 340 0.17 0.50 0.25 0.50 0.66
User ID: 340 0.44 0.50 0.47 0.51 0.13
User ID: 507 0.17 0.50 0.25 0.50 0.67
User ID: 507 0.25 0.50 0.33 0.50 0.50
User ID: 591 1.00 1.00 1.00 0.00 0.00
User ID: 591 0.00 0.00 0.00 1.50 1.50
User ID: 453 0.25 0.50 0.33 0.50 0.50
User ID: 453 1.00 1.00 1.00 0.01 0.01
User ID: 409 1.00 1.00 1.00 1.00 1.00
User ID: 409 1.00 1.00 1.00 1.00 1.00
User ID: 312 1.00 1.00 1.00 0.54 0.54
User ID: 312 0.00 0.00 0.00 0.46 0.46
User ID: 577 1.00 1.00 1.00 0.00 0.00
User ID: 577 0.38 0.50 0.43 1.00 0.50
User ID: 516 0.00 0.00 0.00 3.51 3.51
User ID: 516 0.00 0.00 0.00 1.49 1.49
User ID: 580 0.00 0.00 0.00 2.33 2.33
User ID: 580 0.08 0.25 0.12 1.25 1.17
User ID: 368 1.00 1.00 1.00 0.01 0.01
User ID: 368 1.00 1.00 1.00 0.01 0.01
User ID: 309 0.00 0.00 0.00 0.98 0.98
User ID: 309 1.00 1.00 1.00 0.02 0.02
User ID: 553 0.00 0.00 0.00 1.49 1.49
User ID: 553 0.25 0.50 0.33 0.50 0.50
User ID: 322 0.25 0.50 0.33 0.50 0.50
User ID: 322 0.00 0.00 0.00 2.28 2.67
User ID: 357 0.00 0.00 0.00 1.55 1.55
User ID: 357 0.00 0.00 0.00 1.45 1.45
User ID: 521 0.25 0.50 0.33 0.50 0.50
User ID: 521 0.00 0.00 0.00 0.30 0.30
User ID: 572 1.00 1.00 1.00 0.54 0.54
User ID: 572 1.00 1.00 1.00 0.54 0.54
User ID: 528 0.00 0.00 0.00 0.01 0.01
User ID: 528 0.00 0.00 0.00 0.01 0.01
User ID: 302 0.00 0.00 0.00 0.98 0.98
User ID: 302 0.33 0.50 0.40 0.50 0.34
User ID: 362 0.00 0.00 0.00 4.94 4.94
User ID: 362 0.11 0.33 0.17 0.98 0.98
User ID: 510 0.00 0.00 0.00 1.01 1.01
User ID: 510 0.00 0.00 0.00 0.01 0.01
User ID: 477 0.00 0.00 0.00 0.01 0.01
User ID: 477 0.00 0.00 0.00 0.51 0.51
User ID: 520 1.00 1.00 1.00 0.01 0.01
User ID: 520 0.25 0.50 0.33 1.51 1.51
User ID: 399 0.00 0.00 0.00 1.50 1.50
User ID: 399 0.08 0.33 0.13 1.68 1.75
User ID: 411 0.00 0.00 0.00 0.50 0.50
User ID: 411 0.00 0.00 0.00 2.00 2.00
User ID: 389 0.00 0.00 0.00 0.47 0.47
User ID: 389 0.11 0.33 0.17 0.82 0.82
User ID: 350 1.00 1.00 1.00 0.47 0.47
User ID: 350 0.00 0.00 0.00 1.00 1.00
User ID: 452 0.00 0.00 0.00 0.47 0.47
User ID: 452 1.00 1.00 1.00 0.53 0.53
User ID: 444 0.00 0.00 0.00 0.00 0.00
User ID: 444 0.00 0.00 0.00 0.00 0.00
User ID: 321 0.00 0.00 0.00 0.99 0.99
User ID: 321 0.00 0.00 0.00 0.99 0.99
User ID: 419 0.00 0.00 0.00 0.51 0.35
User ID: 419 0.14 0.33 0.20 1.00 0.71
User ID: 337 0.25 0.50 0.33 0.50 0.50
User ID: 337 0.25 0.50 0.33 0.50 0.50
User ID: 474 0.00 0.00 0.00 2.05 2.05
User ID: 474 0.11 0.33 0.17 0.68 0.68
User ID: 467 0.00 0.00 0.00 1.01 1.01
User ID: 467 0.00 0.00 0.00 1.34 1.34
User ID: 499 0.00 0.00 0.00 1.01 1.01
User ID: 499 0.00 0.00 0.00 2.00 1.34
User ID: 546 0.00 0.00 0.00 0.00 0.00
User ID: 546 0.00 0.00 0.00 0.00 0.00
User ID: 301 0.00 0.00 0.00 0.99 0.99
User ID: 301 0.00 0.00 0.00 0.99 0.99
User ID: 367 0.00 0.00 0.00 0.01 0.01
User ID: 367 0.00 0.00 0.00 0.51 0.34
User ID: 421 0.00 0.00 0.00 0.04 0.04
User ID: 421 0.00 0.00 0.00 0.04 0.04
User ID: 495 0.25 0.50 0.33 1.01 1.01
User ID: 495 0.11 0.33 0.17 1.00 1.00
User ID: 496 0.00 0.00 0.00 0.03 0.03
User ID: 496 0.00 0.00 0.00 0.03 0.03
User ID: 480 1.00 1.00 1.00 0.01 0.01
User ID: 480 0.08 0.33 0.13 1.00 1.24
[92m
 Global round 1 : Local val cmae 1.106243976046644 Local val mae : 1.1045477647884279 
[0m
[93m
 Global round 1 : Local Test cmae 1.0777468618750696 Local Test mae : 1.0356628821349079 
[0m
